1.00000000  0.00000000 0
0.99905259 -0.00005216 0
0.99619290 -0.00019524 0
0.99138013 -0.00037832 0
0.98459120 -0.00050399 0
0.97587596 -0.00046151 0
0.96533011 -0.00019403 0
0.95303206  0.00031678 0
0.93904890  0.00109321 0
0.92345332  0.00216020 0
0.90632414  0.00355111 0
0.88777298  0.00530589 0
0.86794139  0.00742765 0
0.84695326  0.00988506 0
0.82491572  0.01264874 0
0.80193895  0.01569112 0
0.77813483  0.01897812 0
0.75361697  0.02247127 0
0.72849875  0.02611723 0
0.70287517  0.02985863 0
0.67684165  0.03365108 0
0.65051092  0.03743952 0
0.62397802  0.04112463 0
0.59725986  0.04462541 0
0.57039295  0.04794990 0
0.54348574  0.05107831 0
0.51660873  0.05393569 0
0.48977448  0.05648657 0
0.46302806  0.05876042 0
0.43646905  0.06075914 0
0.41016957  0.06245174 0
0.38418189  0.06383272 0
0.35857989  0.06491471 0
0.33345452  0.06568740 0
0.30886990  0.06612731 0
0.28488022  0.06623550 0
0.26156162  0.06602104 0
0.23899764  0.06545950 0
0.21721852  0.06451776 0
0.19624660  0.06322167 0
0.17615221  0.06159861 0
0.15700155  0.05963455 0
0.13881347  0.05731716 0
0.12160544  0.05468498 0
0.10543815  0.05177138 0
0.09035882  0.04857406 0
0.07637871  0.04510162 0
0.06351508  0.04140000 0
0.05182168  0.03749954 0
0.04131927  0.03338985 0
0.03197807  0.02909627 0
0.02379042  0.02469935 0
0.01679717  0.02026467 0
0.01101253  0.01581915 0
0.00641184  0.01143096 0
0.00300068  0.00721885 0
0.00083234  0.00331581 0
0.00000109 -0.00011239 0
0.00095730 -0.00301111 0
0.00386886 -0.00573968 0
0.00841997 -0.00856261 0
0.01447741 -0.01140124 0
0.02198015 -0.01419411 0
0.03090440 -0.01689967 0
0.04121715 -0.01950424 0
0.05287086 -0.02198200 0
0.06583016 -0.02429933 0
0.08006805 -0.02643462 0
0.09554275 -0.02837913 0
0.11219985 -0.03010299 0
0.13001668 -0.03156802 0
0.14898130 -0.03277650 0
0.16904297 -0.03374973 0
0.19013197 -0.03447592 0
0.21221580 -0.03493487 0
0.23526401 -0.03515298 0
0.25920300 -0.03516244 0
0.28395141 -0.03496803 0
0.30944621 -0.03457290 0
0.33562080 -0.03400185 0
0.36238532 -0.03327692 0
0.38965250 -0.03240358 0
0.41734679 -0.03139295 0
0.44538663 -0.03027027 0
0.47367555 -0.02905840 0
0.50211759 -0.02777175 0
0.53061805 -0.02642642 0
0.55908049 -0.02503829 0
0.58740679 -0.02362352 0
0.61549674 -0.02219630 0
0.64324961 -0.02076756 0
0.67056835 -0.01934497 0
0.69735876 -0.01793852 0
0.72352500 -0.01655782 0
0.74897274 -0.01520824 0
0.77361347 -0.01389353 0
0.79736189 -0.01261951 0
0.82013410 -0.01139138 0
0.84184947 -0.01021285 0
0.86243222 -0.00908741 0
0.88180889 -0.00802058 0
0.89990613 -0.00701520 0
0.91665655 -0.00606891 0
0.93200150 -0.00518013 0
0.94588524 -0.00434952 0
0.95825515 -0.00357468 0
0.96906552 -0.00285032 0
0.97827709 -0.00216599 0
0.98587690 -0.00150084 0
0.99189484 -0.00087373 0
0.99632377 -0.00037660 0
0.99906656 -0.00008761 0
1.00000000  0.00000000 0