SG6042   /tracfoil
1	0
0.99806	0.00048
0.99249	0.00203
0.98372	0.00463
0.9721	0.00811
0.95784	0.01223
0.94102	0.01672
0.92161	0.02148
0.89968	0.02657
0.87546	0.03195
0.84915	0.03756
0.82098	0.04333
0.79117	0.04914
0.75995	0.05489
0.72757	0.06038
0.6941	0.06544
0.65962	0.07006
0.62435	0.07417
0.58844	0.07772
0.55208	0.08071
0.51546	0.0831
0.47877	0.08486
0.44221	0.086
0.40597	0.08648
0.37024	0.08634
0.33522	0.08556
0.3011	0.08415
0.26808	0.08215
0.23633	0.07956
0.20603	0.07639
0.17735	0.07269
0.15044	0.06847
0.12544	0.06379
0.10249	0.05866
0.08169	0.05313
0.06316	0.04726
0.04698	0.04105
0.03315	0.03458
0.02179	0.02795
0.01284	0.02119
0.00619	0.01446
0.00197	0.00797
 0.000110 0.001820
 -0.000039 0.000000  
 -0.000110 -0.000862  
 0.000350 -0.003410  
 0.001174 -0.004890  
 0.002337 -0.006190  
 0.003710 -0.007300
0.01068	-0.01042
0.02068	-0.01311
0.03369	-0.01516
0.04982	-0.01659
0.06901	-0.01751
0.09117	-0.01805
0.11611	-0.01826
0.14365	-0.01821
0.17358	-0.01792
0.2057	-0.01744
0.23979	-0.01679
0.27559	-0.01599
0.31286	-0.01506
0.35135	-0.01401
0.39078	-0.01286
0.43089	-0.01159
0.4714	-0.01016
0.51208	-0.00853
0.55277	-0.00671
0.5933	-0.00475
0.63345	-0.00273
0.67298	-0.00077
0.71161	0.00102
0.74904	0.00255
0.78494	0.00377
0.819	0.00462
0.85093	0.0051
0.88041	0.00521
0.90718	0.00496
0.93097	0.00442
0.95153	0.00364
0.96868	0.00273
0.98224	0.00178
0.99204	0.0009
0.998	0.00026
1	0

